lastAccountName: NyaCamellia
timestamps:
  login: 1591438293067
  logout: 1591438371078
ipAddress: 127.0.0.1
lastlocation:
  world: world
  x: 159.5
  y: 75.0
  z: 42.5
  yaw: 0.9958175
  pitch: 0.0
logoutlocation:
  world: world
  x: 152.57781849597592
  y: 64.0
  z: 44.252713397607245
  yaw: -10.95
  pitch: 20.999992
